1679940203895
1679940203961
1679940204029
1679940204093
1679940204127
1679940204160
1679940204228
1679940204292
1679940204328
1679940204393
1679940204427
1679940204494
1679940204560
1679940204627
1679940204693
1679940204728
1679940204794
1679940204861
1679940204927
1679940204994
1679940205060
1679940205128
1679940205194
1679940205260
1679940205328
1679940205394
1679940205460
1679940205528
1679940205593
1679940205661
1679940205728
1679940205793
1679940205827
1679940205894
1679940205960
1679940206025
1679940206059
1679940206094
1679940206160
1679940206227
1679940206294
1679940206360
1679940206427
1679940206494
1679940206560
1679940206627
1679940206694
1679940206760
1679940206827
1679940206894
1679940206960
1679940207025
1679940207059
1679940207094
1679940207160
1679940207227
1679940207294
1679940207360
1679940207427
1679940207494
1679940207560
1679940207627
1679940207695
1679940207760
1679940207827
1679940207893
1679940207960
1679940208027
1679940208094
1679940208160
1679940208227
1679940208294
1679940208360
1679940208427
1679940208494
1679940208560
1679940208627
1679940208694
1679940208760
1679940208827
1679940208894
1679940208960
1679940209027
1679940209094
1679940209160
1679940209227
1679940209294
1679940209360
1679940209427
1679940209494
1679940209560
1679940209627
1679940209693
1679940209760
1679940209827
1679940209893
1679940209960
1679940210027
1679940210094
1679940210160
1679940210227
1679940210294
1679940210360
1679940210428
1679940210494
1679940210560
1679940210627
1679940210693
1679940210760
1679940210827
1679940210894
1679940210960
1679940211027
1679940211093
1679940211160
1679940211227
1679940211294
1679940211360
1679940211427
1679940211494
1679940211560
1679940211627
1679940211694
1679940211761
1679940211827
1679940211894
1679940211960
1679940212027
1679940212094
1679940212160
1679940212227
1679940212294
1679940212361
1679940212427
1679940212494
1679940212560
1679940212627
1679940212693
1679940212728
1679940212795
1679940212861
1679940212927
1679940212993
1679940213061
1679940213127
1679940213193
1679940213227
1679940213294
1679940213360
1679940213394
1679940213461
1679940213528
1679940213594
1679940213661
1679940213728
1679940213794
1679940213860
1679940213893
1679940213926
1679940213960
1679940214025
1679940214060
1679940214093
1679940214160
1679940214227
1679940214294
1679940214361
1679940214427
1679940214494
1679940214560
1679940214627
1679940214694
1679940214761
1679940214827
1679940214860
1679940214893
1679940214961
1679940215027
1679940215093
1679940215125
1679940215158
1679940215193
1679940215227
1679940215294
1679940215360
1679940215427
1679940215493
1679940215560
1679940215627
1679940215693
1679940215727
1679940215793
1679940215827
1679940215894
1679940215960
1679940216027
1679940216093
1679940216159
1679940216194
1679940216260
1679940216327
1679940216394
1679940216460
1679940216494
1679940216560
1679940216627
1679940216694
1679940216759
1679940216793
1679940216827
1679940216895
1679940216961
1679940217028
1679940217094
1679940217157
1679940217193
1679940217261
1679940217327
1679940217395
1679940217461
1679940217528
1679940217595
1679940217660
1679940217727
1679940217794
1679940217827
1679940217894
1679940217960
1679940218027
1679940218093
1679940218159
1679940218194
1679940218260
1679940218326
1679940218361
1679940218428
1679940218494
1679940218560
1679940218627
1679940218694
1679940218760
1679940218825
1679940218860
1679940218928
1679940218994
1679940219059
1679940219093
1679940219160
1679940219226
1679940219260
1679940219328
1679940219394
1679940219461
1679940219528
1679940219595
1679940219661
1679940219727
1679940219794
1679940219827
1679940219894
1679940219960
1679940220027
1679940220093
1679940220125
1679940220159
1679940220194
1679940220260
1679940220327
1679940220394
1679940220460
1679940220493
1679940220560
1679940220627
1679940220693
1679940220760
1679940220827
1679940220894
1679940220961
1679940221027
1679940221093
1679940221125
1679940221158
1679940221193
1679940221227
1679940221294
1679940221361
1679940221427
1679940221493
1679940221527
1679940221593
1679940221660
1679940221727
1679940221794
1679940221827
1679940221894
1679940221960
1679940222027
1679940222093
1679940222158
1679940222192
1679940222226
1679940222261
1679940222328
1679940222395
1679940222461
1679940222527
1679940222595
1679940222661
1679940222728
1679940222793
1679940222827
1679940222893
1679940222960
1679940223027
1679940223093
1679940223160
1679940223226
1679940223260
1679940223327
1679940223360
1679940223427
1679940223494
1679940223560
1679940223627
1679940223694
1679940223760
1679940223827
1679940223893
1679940223960
1679940224027
1679940224093
1679940224126
1679940224160
1679940224227
1679940224294
1679940224361
1679940224427
1679940224494
1679940224560
1679940224627
1679940224693
1679940224760
1679940224828
1679940224894
1679940224961
1679940225028
1679940225094
1679940225161
1679940225227
1679940225293
1679940225360
1679940225427
1679940225493
1679940225561
1679940225627
1679940225694
1679940225760
1679940225827
1679940225893
1679940225960
1679940226027
1679940226093
1679940226127
1679940226160
1679940226227
1679940226294
1679940226360
1679940226427
1679940226494
1679940226560
1679940226627
1679940226694
1679940226760
1679940226827
1679940226894
1679940226960
1679940227027
1679940227092
1679940227127
1679940227160
1679940227227
1679940227294
1679940227360
1679940227427
1679940227493
1679940227560
1679940227628
1679940227695
1679940227761
1679940227827
1679940227894
1679940227960
1679940228027
1679940228093
1679940228160
1679940228194
1679940228261
1679940228327
1679940228394
1679940228461
1679940228527
1679940228594
1679940228661
1679940228727
1679940228795
1679940228861
1679940228927
1679940228995
1679940229061
1679940229127
1679940229160
1679940229227
1679940229293
1679940229360
1679940229427
1679940229493
1679940229560
1679940229627
1679940229694
1679940229760
1679940229827
1679940229894
1679940229960
1679940230027
1679940230093
1679940230160
1679940230193
1679940230260
1679940230327
1679940230395
1679940230461
1679940230527
1679940230594
1679940230660
1679940230694
1679940230760
1679940230827
1679940230894
1679940230960
1679940231027
1679940231093
1679940231160
1679940231227
1679940231294
1679940231360
1679940231427
1679940231494
1679940231560
1679940231627
1679940231694
1679940231760
1679940231827
1679940231893
1679940231960
1679940232027
1679940232094
1679940232160
1679940232195
1679940232261
1679940232328
1679940232394
1679940232461
1679940232527
1679940232595
1679940232660
1679940232727
1679940232795
1679940232860
1679940232928
1679940232994
1679940233061
1679940233127
1679940233160
1679940233227
1679940233294
1679940233360
1679940233427
1679940233493
1679940233560
1679940233627
1679940233693
1679940233760
1679940233827
1679940233893
1679940233960
1679940234027
1679940234093
1679940234160
1679940234193
1679940234227
1679940234294
1679940234360
1679940234393
1679940234460
1679940234494
1679940234560
1679940234627
1679940234694
1679940234760
1679940234827
1679940234893
1679940234960
1679940235027
1679940235093
1679940235160
1679940235227
1679940235294
1679940235361
1679940235428
1679940235494
1679940235559
1679940235593
1679940235660
1679940235727
1679940235793
1679940235827
1679940235893
1679940235960
1679940236027
1679940236093
1679940236127
1679940236193
1679940236260
1679940236327
1679940236394
1679940236460
1679940236494
1679940236560
1679940236627
1679940236694
1679940236760
1679940236827
1679940236894
1679940236960
1679940237027
1679940237093
1679940237127
1679940237160
1679940237227
1679940237294
1679940237360
1679940237427
1679940237494
1679940237560
1679940237627
1679940237694
1679940237760
1679940237827
1679940237894
1679940237960
1679940238027
1679940238093
1679940238160
1679940238227
1679940238293
1679940238360
1679940238428
1679940238494
1679940238561
1679940238627
1679940238693
1679940238760
1679940238826
1679940238860
1679940238927
1679940238994
1679940239060
1679940239126
1679940239160
1679940239227
1679940239293
1679940239360
1679940239427
1679940239494
1679940239560
1679940239627
1679940239694
1679940239760
1679940239827
1679940239894
1679940239960
1679940240027
1679940240093
1679940240126
1679940240160
1679940240227
1679940240294
1679940240360
1679940240427
1679940240494
1679940240560
1679940240627
1679940240694
1679940240760
1679940240827
1679940240894
1679940240960
1679940241027
1679940241093
1679940241160
1679940241227
1679940241294
1679940241361
1679940241428
1679940241495
1679940241561
1679940241628
1679940241695
1679940241761
1679940241827
1679940241894
1679940241960
1679940242027
1679940242093
1679940242160
1679940242227
1679940242294
1679940242360
1679940242427
1679940242494
1679940242560
1679940242626
1679940242661
1679940242727
1679940242795
1679940242861
1679940242927
1679940242994
1679940243061
1679940243127
1679940243160
1679940243227
1679940243293
1679940243360
1679940243427
1679940243494
1679940243560
1679940243627
1679940243695
1679940243761
1679940243827
1679940243893
1679940243960
1679940244027
1679940244093
1679940244161
1679940244228
1679940244294
1679940244361
1679940244427
1679940244494
1679940244560
1679940244591
1679940244625
1679940244658
1679940244692
1679940244725
1679940244760
1679940244793
1679940244860
1679940244924
1679940244958
1679940244990
1679940245027
1679940245094
1679940245161
1679940245227
1679940245293
1679940245360
1679940245427
1679940245493
1679940245560
1679940245627
1679940245693
1679940245760
1679940245827
1679940245893
1679940245960
1679940246027
1679940246093
1679940246160
1679940246227
1679940246294
1679940246360
1679940246427
1679940246493
1679940246560
1679940246627
1679940246694
1679940246760
1679940246826
1679940246893
1679940246960
1679940247027
1679940247093
1679940247160
1679940247227
1679940247294
1679940247360
1679940247426
1679940247461
1679940247528
1679940247594
1679940247660
1679940247727
1679940247794
1679940247827
1679940247893
1679940247960
1679940248027
1679940248093
1679940248127
1679940248193
1679940248260
1679940248326
1679940248361
1679940248428
1679940248494
1679940248560
1679940248627
1679940248693
1679940248760
1679940248827
1679940248893
1679940248960
1679940249027
1679940249093
1679940249160
1679940249227
1679940249293
1679940249328
1679940249394
1679940249461
1679940249527
1679940249595
1679940249660
1679940249727
1679940249794
1679940249860
1679940249927
1679940249994
1679940250060
1679940250127
1679940250193
1679940250261
1679940250327
1679940250394
1679940250460
1679940250494
1679940250561
1679940250628
1679940250694
1679940250760
1679940250827
1679940250894
1679940250960
1679940251028
1679940251093
1679940251160
1679940251227
1679940251294
1679940251361
1679940251425
1679940251458
1679940251494
1679940251560
1679940251627
1679940251694
1679940251760
1679940251827
1679940251893
1679940251960
1679940252027
1679940252093
1679940252126
1679940252193
1679940252227
1679940252295
1679940252360
1679940252428
1679940252494
1679940252560
1679940252627
1679940252694
1679940252760
1679940252826
1679940252860
1679940252927
1679940252994
1679940253060
1679940253126
1679940253160
1679940253227
1679940253294
1679940253360
1679940253394
1679940253461
1679940253527
1679940253594
1679940253661
1679940253727
1679940253793
1679940253827
1679940253894
1679940253960
1679940254027
1679940254093
1679940254160
1679940254227
1679940254294
1679940254360
1679940254427
1679940254494
1679940254560
1679940254627
1679940254693
1679940254760
1679940254827
1679940254893
1679940254960
1679940255027
1679940255093
1679940255127
1679940255160
1679940255227
1679940255293
1679940255360
1679940255427
1679940255494
1679940255560
1679940255627
1679940255693
1679940255760
1679940255794
1679940255827
1679940255894
1679940255960
1679940255994
1679940256060
1679940256127
1679940256194
1679940256260
1679940256328
1679940256394
1679940256460
1679940256493
1679940256560
1679940256627
1679940256693
1679940256760
1679940256827
1679940256893
1679940256960
1679940257027
1679940257093
1679940257160
1679940257227
1679940257294
1679940257360
1679940257427
1679940257495
1679940257560
1679940257593
1679940257660
1679940257727
1679940257794
1679940257859
1679940257893
1679940257960
1679940258027
1679940258093
1679940258160
1679940258195
1679940258261
1679940258327
1679940258395
1679940258461
1679940258527
1679940258594
1679940258660
1679940258727
1679940258794
1679940258861
1679940258929
1679940258994
1679940259060
1679940259093
1679940259127
1679940259160
1679940259227
1679940259294
1679940259360
1679940259427
1679940259495
1679940259561
1679940259627
1679940259693
1679940259760
1679940259827
1679940259893
1679940259960
1679940260027
1679940260093
1679940260161
1679940260227
1679940260294
1679940260361
1679940260427
1679940260494
1679940260561
1679940260627
1679940260694
1679940260760
1679940260827
1679940260894
1679940260960
1679940261027
1679940261093
1679940261127
1679940261160
1679940261227
1679940261293
1679940261360
1679940261427
1679940261493
1679940261526
1679940261560
1679940261626
1679940261661
1679940261728
1679940261795
1679940261860
1679940261928
1679940261994
1679940262061
1679940262127
1679940262191
1679940262225
1679940262260
1679940262327
1679940262394
1679940262461
1679940262527
1679940262560
1679940262627
1679940262694
1679940262761
1679940262827
1679940262894
1679940262961
1679940263028
1679940263094
1679940263160
1679940263227
1679940263294
1679940263360
1679940263427
1679940263494
1679940263560
1679940263627
1679940263694
1679940263760
1679940263827
1679940263894
1679940263960
1679940264027
1679940264093
1679940264128
1679940264195
1679940264260
1679940264328
1679940264394
1679940264461
1679940264526
1679940264560
1679940264627
1679940264694
1679940264760
1679940264827
1679940264894
1679940264960
1679940265027
1679940265093
1679940265160
1679940265227
1679940265294
1679940265360
1679940265427
1679940265495
1679940265561
1679940265628
1679940265695
1679940265761
1679940265827
1679940265894
1679940265960
1679940266027
1679940266093
1679940266160
1679940266227
1679940266294
1679940266360
1679940266427
1679940266494
1679940266560
1679940266627
1679940266694
1679940266760
1679940266827
1679940266894
1679940266960
1679940267027
1679940267093
1679940267127
1679940267160
1679940267227
1679940267293
1679940267360
1679940267427
1679940267494
1679940267560
1679940267627
1679940267694
1679940267760
1679940267827
1679940267894
1679940267960
1679940268027
1679940268093
1679940268160
1679940268227
1679940268294
1679940268360
1679940268427
1679940268494
1679940268560
1679940268627
1679940268694
1679940268761
1679940268827
1679940268894
1679940268960
1679940269027
1679940269093
1679940269160
1679940269227
1679940269293
1679940269361
1679940269428
1679940269494
1679940269561
1679940269627
1679940269694
1679940269760
1679940269827
1679940269894
1679940269960
1679940270027
1679940270093
1679940270160
1679940270227
1679940270293
1679940270361
1679940270427
1679940270494
1679940270560
1679940270627
1679940270693
1679940270760
1679940270827
1679940270893
1679940270960
1679940271027
1679940271093
1679940271161
1679940271227
1679940271294
1679940271361
1679940271427
1679940271494
1679940271561
1679940271627
1679940271694
1679940271761
1679940271827
1679940271894
1679940271960
1679940272027
1679940272093
1679940272160
1679940272193
1679940272227
1679940272295
1679940272361
1679940272427
1679940272494
1679940272561
1679940272627
1679940272694
1679940272761
1679940272827
1679940272894
1679940272961
1679940273027
1679940273093
1679940273127
1679940273160
1679940273227
1679940273294
1679940273360
1679940273428
1679940273495
1679940273561
1679940273628
1679940273694
1679940273760
1679940273827
1679940273895
1679940273961
1679940274027
1679940274094
1679940274161
1679940274227
1679940274293
1679940274361
1679940274427
1679940274494
1679940274560
1679940274627
1679940274693
1679940274760
1679940274827
1679940274894
1679940274960
1679940275027
1679940275093
1679940275160
1679940275227
1679940275294
1679940275360
1679940275427
1679940275494
1679940275560
1679940275627
1679940275694
1679940275761
1679940275826
1679940275859
1679940275892
1679940275924
1679940275957
1679940275991
1679940276024
1679940276057
1679940276090
1679940276125
1679940276159
1679940276193
1679940276227
1679940276260
1679940276327
1679940276393
1679940276460
1679940276494
1679940276560
1679940276627
1679940276694
1679940276760
1679940276827
1679940276894
1679940276960
1679940277027
1679940277093
1679940277160
1679940277227
1679940277294
1679940277360
1679940277395
1679940277461
1679940277528
1679940277595
1679940277661
1679940277727
1679940277794
1679940277827
1679940277894
1679940277960
1679940278027
1679940278093
1679940278160
1679940278227
1679940278294
1679940278360
1679940278427
1679940278494
1679940278560
1679940278627
1679940278694
1679940278760
1679940278827
1679940278894
1679940278960
1679940279027
1679940279093
1679940279160
1679940279227
1679940279294
1679940279360
1679940279427
1679940279494
1679940279561
1679940279627
1679940279694
1679940279761
1679940279828
1679940279893
1679940279960
1679940280027
1679940280093
1679940280127
1679940280194
1679940280260
1679940280327
1679940280393
1679940280460
1679940280494
1679940280560
1679940280627
1679940280694
1679940280761
1679940280828
1679940280894
1679940280961
1679940281027
1679940281094
1679940281157
1679940281193
1679940281261
1679940281328
1679940281395
1679940281461
1679940281528
1679940281594
1679940281661
1679940281728
1679940281794
1679940281859
1679940281893
1679940281960
1679940282027
1679940282093
1679940282160
1679940282227
1679940282294
1679940282360
1679940282427
1679940282494
1679940282560
1679940282627
1679940282693
1679940282760
1679940282827
1679940282860
1679940282927
1679940282994
1679940283060
1679940283127
1679940283160
1679940283227
1679940283294
1679940283361
1679940283427
1679940283494
1679940283561
1679940283627
1679940283693
1679940283727
1679940283794
1679940283827
1679940283894
1679940283960
1679940284027
1679940284093
1679940284126
1679940284160
1679940284226
1679940284260
1679940284327
1679940284393
1679940284460
1679940284494
1679940284560
1679940284627
1679940284693
1679940284761
1679940284827
1679940284894
1679940284961
1679940285027
1679940285093
1679940285161
1679940285227
1679940285294
1679940285360
1679940285427
1679940285494
1679940285560
1679940285627
1679940285694
1679940285760
1679940285827
1679940285893
1679940285961
1679940286027
1679940286093
1679940286126
1679940286161
1679940286228
1679940286294
1679940286360
1679940286428
1679940286494
1679940286560
1679940286627
1679940286694
1679940286760
1679940286827
1679940286894
1679940286961
1679940287028
1679940287094
1679940287160
1679940287227
1679940287293
1679940287360
1679940287427
1679940287494
1679940287560
1679940287627
1679940287694
1679940287760
1679940287827
1679940287894
1679940287960
1679940288027
1679940288093
1679940288127
1679940288195
1679940288261
1679940288328
1679940288394
1679940288461
1679940288527
1679940288595
1679940288660
1679940288728
1679940288794
1679940288861
1679940288928
1679940288994
1679940289060
1679940289127
1679940289160
1679940289227
1679940289294
1679940289360
1679940289427
1679940289494
1679940289560
1679940289627
1679940289694
1679940289760
1679940289827
1679940289894
1679940289960
1679940290027
1679940290093
1679940290160
1679940290194
1679940290261
1679940290328
1679940290393
1679940290427
1679940290494
1679940290560
1679940290627
1679940290693
1679940290761
1679940290827
1679940290894
1679940290961
1679940291027
1679940291093
1679940291160
1679940291227
1679940291294
1679940291360
1679940291428
1679940291494
1679940291561
1679940291628
1679940291693
1679940291761
1679940291827
1679940291894
1679940291960
1679940292027
1679940292094
1679940292161
1679940292227
1679940292293
1679940292360
1679940292427
1679940292494
1679940292561
1679940292627
1679940292694
1679940292760
1679940292827
1679940292894
1679940292960
1679940293027
1679940293094
1679940293160
1679940293227
1679940293293
1679940293360
1679940293427
1679940293494
1679940293561
1679940293627
1679940293693
1679940293728
1679940293795
1679940293860
1679940293894
1679940293960
1679940293993
1679940294060
1679940294128
1679940294194
1679940294261
1679940294327
1679940294395
1679940294461
1679940294526
1679940294560
1679940294627
1679940294694
1679940294760
1679940294827
1679940294894
1679940294960
1679940295027
1679940295093
1679940295160
1679940295227
1679940295294
1679940295360
1679940295427
1679940295494
1679940295560
1679940295627
1679940295694
1679940295760
1679940295827
1679940295894
1679940295961
1679940296027
1679940296093
1679940296160
1679940296195
1679940296260
1679940296294
1679940296360
1679940296427
1679940296494
1679940296560
1679940296627
1679940296693
1679940296760
1679940296827
1679940296893
1679940296960
1679940297027
1679940297093
1679940297127
1679940297157
1679940297193
1679940297261
1679940297328
1679940297394
1679940297460
1679940297527
1679940297593
1679940297627
1679940297693
1679940297760
1679940297827
1679940297893
1679940297960
1679940298026
1679940298061
1679940298127
1679940298193
1679940298227
1679940298294
1679940298360
1679940298427
1679940298494
1679940298560
1679940298627
1679940298694
1679940298760
1679940298827
1679940298894
1679940298960
1679940299027
1679940299093
1679940299126
1679940299159
1679940299193
1679940299226
1679940299260
1679940299327
1679940299393
1679940299460
1679940299527
1679940299594
1679940299660
1679940299727
1679940299794
1679940299827
1679940299894
1679940299960
1679940300027
1679940300093
1679940300125
1679940300161
1679940300228
1679940300294
1679940300360
1679940300428
1679940300494
1679940300560
1679940300627
1679940300694
1679940300760
1679940300827
1679940300894
1679940300960
1679940301027
1679940301093
1679940301157
1679940301194
1679940301261
1679940301327
1679940301394
1679940301461
1679940301527
1679940301594
1679940301661
1679940301728
1679940301793
1679940301827
1679940301893
1679940301960
1679940301994
1679940302061
1679940302127
1679940302195
1679940302260
1679940302328
1679940302393
1679940302427
1679940302494
1679940302560
1679940302594
1679940302661
1679940302727
1679940302793
1679940302860
1679940302927
1679940302994
1679940303060
1679940303127
1679940303193
1679940303227
1679940303294
1679940303361
1679940303427
1679940303494
1679940303560
1679940303627
1679940303693
1679940303760
1679940303827
1679940303893
1679940303960
1679940304027
1679940304093
1679940304160
1679940304227
1679940304294
1679940304361
1679940304428
1679940304493
1679940304561
1679940304627
1679940304693
1679940304760
1679940304828
1679940304893
1679940304961
1679940305028
1679940305094
1679940305161
1679940305227
1679940305293
1679940305360
1679940305427
1679940305494
1679940305560
1679940305627
1679940305694
1679940305760
1679940305827
1679940305894
1679940305960
1679940306027
1679940306093
1679940306161
1679940306228
1679940306294
1679940306360
1679940306427
1679940306494
1679940306560
1679940306627
1679940306694
1679940306760
1679940306827
1679940306893
1679940306960
1679940307028
1679940307094
1679940307158
1679940307189
1679940307224
1679940307257
1679940307292
1679940307325
1679940307357
1679940307393
1679940307426
1679940307460
1679940307494
1679940307560
1679940307628
1679940307694
1679940307760
1679940307828
1679940307894
1679940307960
1679940308027
1679940308093
1679940308161
1679940308227
1679940308294
1679940308361
1679940308427
1679940308494
1679940308560
1679940308626
1679940308660
1679940308727
1679940308793
1679940308861
1679940308928
1679940308993
1679940309061
1679940309127
1679940309193
1679940309227
1679940309294
1679940309360
1679940309427
1679940309460
1679940309527
1679940309594
1679940309661
1679940309728
1679940309795
1679940309860
1679940309893
1679940309926
1679940309960
1679940310027
1679940310093
1679940310128
1679940310194
1679940310260
1679940310327
1679940310395
1679940310461
1679940310526
1679940310560
1679940310627
1679940310693
1679940310760
1679940310795
1679940310861
1679940310928
1679940310993
1679940311061
1679940311127
1679940311193
1679940311227
1679940311293
1679940311360
1679940311427
1679940311493
1679940311560
1679940311593
1679940311627
1679940311694
1679940311760
1679940311828
1679940311894
1679940311960
1679940312027
1679940312093
1679940312127
1679940312194
1679940312261
1679940312328
1679940312394
1679940312461
1679940312526
1679940312560
1679940312627
1679940312693
1679940312727
1679940312794
1679940312861
1679940312928
1679940312993
1679940313061
1679940313127
1679940313160
1679940313227
1679940313294
1679940313361
1679940313427
1679940313494
1679940313560
1679940313627
1679940313660
1679940313727
1679940313793
1679940313827
1679940313893
1679940313960
1679940314027
1679940314093
1679940314128
1679940314193
1679940314227
1679940314293
1679940314360
1679940314427
1679940314494
1679940314560
1679940314627
1679940314694
1679940314760
1679940314827
1679940314893
1679940314960
1679940315027
1679940315093
1679940315127
1679940315160
1679940315227
1679940315293
1679940315360
1679940315427
1679940315493
1679940315560
1679940315627
1679940315694
1679940315761
1679940315827
1679940315893
1679940315928
1679940315994
1679940316060
1679940316127
1679940316194
1679940316261
1679940316327
1679940316395
1679940316461
1679940316527
1679940316594
1679940316660
1679940316727
1679940316793
1679940316860
1679940316928
1679940316994
1679940317061
1679940317126
1679940317161
1679940317227
1679940317293
1679940317327
1679940317394
1679940317460
1679940317527
1679940317594
1679940317660
1679940317727
1679940317793
1679940317827
1679940317893
1679940317961
1679940318027
1679940318093
1679940318127
1679940318194
1679940318261
1679940318327
1679940318393
1679940318460
1679940318494
1679940318560
1679940318627
1679940318694
1679940318761
1679940318827
1679940318893
1679940318960
1679940319027
1679940319093
1679940319160
1679940319227
1679940319294
1679940319360
1679940319427
1679940319493
1679940319560
1679940319628
1679940319695
1679940319761
1679940319827
1679940319894
1679940319960
1679940320027
1679940320093
1679940320127
1679940320194
1679940320260
1679940320293
1679940320360
1679940320427
1679940320493
1679940320560
1679940320626
1679940320661
1679940320727
1679940320794
1679940320860
1679940320926
1679940320961
1679940321027
1679940321093
1679940321160
1679940321226
1679940321260
1679940321328
1679940321395
1679940321461
1679940321527
1679940321595
1679940321660
1679940321728
1679940321794
1679940321827
1679940321894
1679940321960
1679940322027
1679940322093
1679940322127
1679940322194
1679940322261
1679940322327
1679940322394
1679940322460
1679940322491
1679940322526
1679940322560
1679940322627
1679940322693
1679940322760
1679940322827
1679940322861
1679940322928
1679940322994
1679940323060
1679940323126
1679940323160
1679940323227
1679940323294
1679940323360
1679940323428
1679940323493
1679940323560
1679940323593
1679940323661
1679940323727
1679940323794
1679940323827
1679940323893
1679940323927
1679940323994
1679940324061
1679940324127
1679940324194
1679940324260
1679940324327
1679940324394
1679940324460
1679940324494
1679940324560
1679940324627
1679940324694
1679940324760
1679940324827
1679940324893
1679940324960
1679940325027
1679940325094
1679940325161
1679940325227
1679940325294
1679940325360
1679940325427
1679940325494
1679940325560
1679940325627
1679940325694
1679940325761
1679940325827
1679940325894
1679940325961
1679940326027
1679940326094
1679940326161
1679940326228
1679940326294
1679940326361
1679940326427
1679940326494
1679940326560
1679940326627
1679940326693
1679940326761
1679940326827
1679940326894
1679940326960
1679940327027
1679940327092
1679940327126
1679940327160
1679940327227
1679940327294
1679940327361
1679940327427
1679940327494
1679940327560
1679940327627
1679940327693
1679940327760
1679940327827
1679940327894
1679940327960
1679940328027
1679940328094
1679940328161
1679940328228
1679940328294
1679940328360
1679940328393
1679940328460
1679940328494
1679940328560
1679940328642
1679940328678
1679940328744
1679940328811
1679940328877
1679940328943
1679940329011
1679940329078
1679940329143
1679940329177
1679940329243
1679940329278
1679940329344
1679940329411
1679940329478
1679940329544
1679940329611
1679940329678
1679940329745
1679940329810
1679940329844
1679940329910
1679940329977
1679940330042
1679940330078
1679940330144
1679940330211
1679940330278
1679940330344
1679940330411
1679940330477
1679940330511
1679940330577
1679940330644
1679940330710
1679940330777
1679940330843
1679940330910
1679940330977
1679940331042
1679940331077
1679940331144
1679940331210
1679940331277
1679940331344
1679940331410
1679940331477
1679940331544
1679940331608
1679940331643
1679940331711
1679940331777
1679940331845
1679940331911
1679940331978
1679940332044
1679940332107
1679940332143
1679940332211
1679940332278
1679940332344
1679940332410
1679940332477
1679940332511
1679940332577
1679940332644
1679940332711
1679940332778
1679940332844
1679940332910
1679940332976
1679940333010
1679940333075
1679940333111
1679940333177
1679940333244
1679940333310
1679940333377
1679940333444
1679940333511
1679940333578
1679940333643
1679940333710
1679940333778
1679940333845
1679940333911
1679940333978
1679940334043
1679940334074
1679940334110
1679940334178
1679940334244
1679940334311
1679940334378
1679940334444
1679940334512
1679940334578
1679940334644
1679940334711
1679940334778
1679940334844
1679940334911
1679940334977
1679940335044
1679940335110
1679940335178
1679940335244
1679940335310
1679940335377
1679940335443
1679940335510
1679940335577
1679940335644
1679940335710
1679940335777
1679940335844
1679940335910
1679940335977
1679940336043
1679940336110
1679940336178
1679940336244
1679940336311
1679940336378
1679940336445
1679940336512
1679940336577
1679940336644
1679940336711
1679940336778
1679940336844
1679940336912
1679940336977
1679940337044
1679940337111
1679940337178
1679940337245
1679940337311
1679940337378
1679940337445
1679940337511
1679940337578
1679940337644
1679940337711
1679940337778
1679940337844
1679940337911
1679940337977
1679940338044
1679940338111
1679940338178
1679940338245
1679940338311
1679940338375
1679940338410
1679940338442
1679940338475
1679940338511
1679940338575
1679940338608
1679940338640
1679940338674
1679940338709
1679940338743
1679940338777
1679940338844
1679940338910
1679940338977
1679940339043
1679940339110
1679940339178
1679940339244
1679940339310
1679940339377
1679940339444
1679940339510
1679940339577
1679940339644
1679940339710
1679940339777
1679940339844
1679940339910
1679940339977
1679940340044
1679940340110
1679940340143
1679940340210
1679940340278
1679940340344
1679940340410
1679940340478
1679940340545
1679940340611
1679940340678
1679940340745
1679940340811
1679940340877
1679940340945
1679940341011
1679940341077
1679940341143
1679940341178
1679940341244
1679940341311
1679940341378
1679940341444
1679940341510
1679940341578
1679940341645
1679940341710
1679940341777
1679940341844
1679940341911
1679940341978
1679940342045
1679940342109
1679940342143
1679940342210
1679940342277
1679940342344
1679940342410
1679940342478
1679940342544
1679940342610
1679940342677
1679940342744
1679940342810
1679940342877
1679940342944
1679940343010
1679940343074
1679940343110
1679940343177
1679940343244
1679940343311
1679940343378
1679940343444
1679940343510
1679940343577
1679940343644
1679940343710
1679940343777
1679940343845
1679940343910
1679940343978
1679940344043
1679940344110
1679940344177
1679940344245
1679940344311
1679940344377
1679940344444
1679940344511
1679940344578
1679940344644
1679940344710
1679940344777
1679940344844
1679940344911
1679940344978
1679940345045
1679940345111
1679940345179
1679940345244
1679940345311
1679940345378
1679940345443
1679940345511
1679940345577
1679940345643
1679940345710
1679940345777
1679940345845
1679940345910
1679940345977
1679940346045
1679940346111
1679940346177
1679940346243
1679940346310
1679940346377
1679940346445
1679940346512
1679940346578
1679940346645
1679940346711
1679940346778
1679940346845
1679940346911
1679940346978
1679940347045
1679940347108
1679940347144
1679940347179
1679940347244
1679940347311
1679940347378
1679940347445
1679940347511
1679940347578
1679940347644
1679940347711
1679940347778
1679940347845
1679940347911
1679940347978
1679940348044
1679940348110
1679940348177
1679940348244
1679940348310
1679940348377
1679940348444
1679940348511
1679940348577
1679940348644
1679940348711
1679940348777
1679940348845
1679940348911
1679940348978
1679940349045
1679940349107
1679940349143
1679940349178
1679940349244
1679940349310
1679940349378
1679940349444
1679940349511
1679940349577
1679940349644
1679940349710
1679940349778
1679940349845
1679940349910
1679940349978
1679940350044
1679940350110
1679940350143
1679940350177
1679940350244
1679940350311
1679940350377
1679940350444
1679940350512
1679940350577
1679940350644
1679940350711
1679940350778
1679940350844
1679940350911
1679940350977
1679940351045
1679940351111
1679940351177
1679940351245
1679940351311
1679940351378
1679940351445
1679940351510
1679940351577
1679940351644
1679940351711
1679940351778
1679940351844
1679940351910
1679940351978
1679940352043
1679940352076
1679940352111
1679940352177
1679940352244
1679940352311
1679940352378
1679940352445
1679940352511
1679940352578
1679940352644
1679940352711
1679940352778
1679940352845
1679940352910
1679940352978
1679940353044
1679940353110
1679940353178
1679940353244
1679940353310
1679940353378
1679940353444
1679940353511
1679940353578
1679940353645
1679940353711
1679940353778
1679940353845
1679940353911
1679940353977
1679940354045
1679940354109
1679940354144
1679940354210
1679940354278
1679940354344
1679940354411
1679940354478
1679940354544
1679940354611
1679940354677
1679940354744
1679940354810
1679940354877
1679940354943
1679940355011
1679940355077
1679940355144
1679940355177
1679940355243
1679940355277
1679940355343
1679940355410
1679940355477
1679940355544
1679940355610
1679940355678
1679940355744
1679940355811
1679940355877
1679940355944
1679940356011
1679940356078
1679940356143
1679940356177
1679940356243
1679940356310
1679940356377
1679940356443
1679940356511
1679940356577
1679940356644
1679940356710
1679940356777
1679940356844
1679940356910
1679940356977
1679940357044
1679940357110
1679940357144
1679940357178
1679940357244
1679940357310
1679940357378
1679940357443
1679940357511
1679940357578
1679940357643
1679940357677
1679940357743
1679940357778
1679940357844
1679940357910
1679940357977
1679940358044
1679940358111
1679940358177
1679940358244
1679940358310
1679940358377
1679940358443
1679940358477
1679940358511
1679940358577
1679940358644
1679940358710
1679940358778
1679940358843
1679940358911
1679940358978
1679940359044
1679940359110
1679940359144
1679940359210
1679940359277
1679940359343
1679940359410
1679940359477
1679940359543
1679940359610
1679940359677
1679940359743
1679940359778
1679940359845
1679940359911
1679940359977
1679940360043
1679940360110
1679940360143
1679940360178
1679940360244
1679940360311
1679940360377
1679940360443
1679940360511
1679940360577
1679940360644
1679940360711
1679940360777
1679940360844
1679940360911
1679940360977
1679940361044
1679940361108
1679940361143
1679940361177
1679940361243
1679940361277
1679940361345
1679940361411
1679940361477
1679940361544
1679940361611
1679940361677
1679940361744
1679940361811
1679940361877
1679940361943
1679940362011
1679940362076
1679940362110
1679940362143
1679940362178
1679940362244
1679940362311
1679940362377
1679940362444
1679940362512
1679940362577
1679940362644
1679940362711
1679940362778
1679940362845
1679940362910
1679940362978
1679940363044
1679940363108
1679940363143
1679940363178
1679940363244
1679940363311
1679940363377
1679940363444
1679940363511
1679940363578
1679940363644
1679940363711
1679940363776
1679940363810
1679940363845
1679940363911
1679940363977
1679940364044
1679940364108
1679940364144
1679940364211
1679940364278
1679940364344
1679940364411
1679940364478
1679940364544
1679940364611
1679940364677
1679940364744
1679940364810
1679940364877
1679940364944
1679940365010
1679940365076
1679940365108
1679940365143
1679940365178
1679940365244
1679940365310
1679940365378
1679940365444
1679940365511
1679940365577
1679940365644
1679940365711
1679940365777
1679940365845
1679940365911
1679940365977
1679940366044
1679940366110
1679940366177
1679940366244
1679940366310
1679940366377
1679940366444
1679940366512
1679940366577
1679940366644
1679940366711
1679940366778
1679940366844
1679940366910
1679940366977
1679940367009
1679940367044
1679940367110
1679940367179
1679940367242
1679940367277
1679940367344
1679940367410
1679940367475
1679940367511
1679940367578
1679940367645
1679940367708
1679940367744
1679940367811
1679940367845
1679940367909
1679940367943
1679940367978
1679940368041
1679940368077
1679940368143
1679940368177
1679940368245
1679940368310
1679940368374
1679940368408
1679940368443
1679940368476
1679940368512
1679940368578
1679940368644
1679940368708
1679940368744
1679940368810
1679940368877
1679940368942
1679940368974
1679940369007
1679940369041
1679940369074
1679940369109
1679940369145
1679940369209
1679940369241
1679940369274
1679940369307
1679940369340
1679940369374
1679940369409
1679940369441
1679940369474
1679940369508
1679940369541
1679940369574
1679940369608
1679940369641
1679940369675
1679940369709
1679940369742
1679940369774
1679940369807
1679940369841
1679940369874
1679940369907
1679940369940
1679940369974
1679940370008
1679940370043
1679940370078
1679940370141
1679940370174
1679940370207
1679940370241
1679940370274
1679940370310
1679940370377
1679940370443
1679940370512
1679940370577
1679940370641
1679940370674
1679940370708
1679940370741
1679940370774
1679940370809
1679940370843
1679940370911
1679940370978
1679940371043
1679940371108
1679940371143
1679940371178
1679940371244
1679940371310
1679940371377
1679940371444
1679940371511
1679940371576
1679940371609
1679940371644
1679940371711
1679940371777
1679940371842
1679940371877
1679940371944
1679940372011
1679940372076
1679940372108
1679940372144
1679940372210
1679940372277
1679940372341
1679940372374
1679940372408
1679940372440
1679940372475
1679940372510
1679940372543
1679940372610
1679940372677
1679940372743
1679940372808
1679940372843
1679940372910
1679940372978
1679940373042
1679940373077
1679940373144
1679940373177
1679940373244
1679940373275
1679940373311
1679940373377
1679940373444
1679940373511
1679940373577
1679940373644
1679940373711
1679940373778
1679940373846
1679940373912
1679940373977
1679940374044
1679940374110
1679940374178
1679940374243
1679940374311
1679940374378
1679940374445
1679940374511
1679940374577
1679940374644
1679940374711
1679940374777
1679940374845
1679940374911
1679940374978
1679940375045
1679940375111
1679940375178
1679940375245
1679940375311
1679940375378
1679940375444
1679940375511
1679940375577
1679940375644
1679940375710
1679940375743
1679940375811
1679940375877
1679940375944
1679940376010
1679940376078
1679940376144
1679940376211
1679940376278
1679940376344
1679940376411
1679940376477
1679940376544
1679940376610
1679940376677
1679940376744
1679940376810
1679940376877
1679940376944
1679940377010
1679940377077
1679940377144
1679940377178
1679940377245
1679940377311
1679940377377
1679940377444
1679940377511
1679940377578
1679940377644
1679940377711
1679940377778
1679940377845
1679940377910
1679940377978
1679940378045
1679940378110
1679940378178
1679940378244
1679940378310
1679940378344
1679940378410
1679940378477
1679940378511
1679940378578
1679940378643
1679940378711
1679940378778
1679940378845
1679940378911
1679940378977
1679940379044
1679940379111
1679940379179
1679940379243
1679940379311
1679940379378
1679940379444
1679940379511
1679940379577
1679940379644
1679940379710
1679940379777
1679940379845
1679940379910
1679940379978
1679940380044
1679940380111
1679940380177
1679940380244
1679940380310
1679940380377
1679940380444
1679940380512
1679940380578
1679940380644
1679940380711
1679940380778
1679940380844
1679940380910
1679940380978
1679940381044
1679940381110
1679940381178
1679940381244
1679940381310
1679940381377
1679940381444
1679940381510
1679940381577
1679940381643
1679940381710
1679940381777
1679940381845
1679940381910
1679940381977
1679940382044
1679940382111
1679940382177
1679940382244
1679940382311
1679940382378
1679940382444
1679940382512
1679940382578
1679940382644
1679940382711
1679940382778
1679940382844
1679940382911
1679940382977
1679940383044
1679940383111
1679940383179
1679940383244
1679940383311
1679940383378
1679940383444
1679940383510
1679940383578
1679940383644
1679940383711
1679940383777
1679940383845
1679940383911
1679940383978
1679940384044
1679940384111
1679940384178
1679940384245
1679940384332
1679940384393
1679940384460
1679940384494
1679940384560
1679940384627
1679940384694
1679940384760
1679940384827
1679940384893
1679940384960
1679940385024
1679940385060
1679940385127
1679940385160
1679940385227
1679940385293
1679940385360
1679940385427
1679940385494
1679940385560
1679940385627
1679940385694
1679940385760
1679940385827
1679940385893
1679940385960
1679940386027
1679940386093
1679940386160
1679940386227
1679940386294
1679940386360
1679940386427
1679940386494
1679940386560
1679940386627
1679940386694
1679940386760
1679940386794
1679940386861
1679940386927
1679940386993
1679940387061
1679940387127
1679940387193
1679940387227
1679940387293
1679940387360
1679940387427
1679940387494
1679940387561
1679940387628
1679940387693
1679940387761
1679940387828
1679940387894
1679940387960
1679940388027
1679940388093
1679940388161
1679940388227
1679940388293
1679940388361
1679940388427
1679940388493
1679940388560
1679940388593
1679940388661
1679940388727
1679940388794
1679940388861
1679940388927
1679940388994
1679940389061
1679940389127
1679940389193
1679940389227
1679940389293
1679940389360
1679940389427
1679940389494
1679940389561
1679940389628
1679940389694
1679940389761
1679940389827
1679940389894
1679940389960
1679940390027
1679940390094
1679940390160
1679940390227
1679940390294
1679940390360
1679940390427
1679940390494
1679940390560
1679940390627
1679940390694
1679940390761
1679940390827
1679940390894
1679940390960
1679940391027
1679940391094
1679940391161
1679940391227
1679940391293
1679940391360
1679940391427
1679940391492
1679940391528
1679940391594
1679940391661
1679940391728
1679940391794
1679940391859
1679940391893
1679940391960
1679940392026
1679940392060
1679940392128
1679940392193
1679940392261
1679940392328
1679940392393
1679940392460
1679940392493
1679940392559
1679940392593
1679940392660
1679940392728
1679940392794
1679940392861
1679940392928
1679940392994
1679940393060
1679940393127
1679940393160
1679940393227
1679940393294
1679940393359
1679940393395
1679940393460
1679940393527
1679940393593
1679940393661
1679940393728
1679940393794
1679940393827
1679940393892
1679940393928
1679940393994
1679940394061
1679940394127
1679940394194
1679940394261
1679940394328
1679940394394
1679940394460
1679940394493
1679940394560
1679940394627
1679940394692
1679940394727
1679940394795
1679940394861
1679940394927
1679940394994
1679940395061
1679940395127
1679940395160
1679940395226
1679940395261
1679940395327
1679940395393
1679940395460
1679940395527
1679940395593
1679940395627
1679940395694
1679940395761
1679940395827
1679940395893
1679940395960
1679940396028
1679940396094
1679940396161
1679940396227
1679940396293
1679940396361
1679940396428
1679940396494
1679940396560
1679940396627
1679940396694
1679940396760
1679940396827
1679940396894
1679940396960
1679940397027
1679940397093
1679940397160
1679940397227
1679940397293
1679940397360
1679940397427
1679940397494
1679940397560
1679940397627
1679940397693
1679940397760
1679940397827
1679940397893
1679940397961
1679940398027
1679940398094
1679940398161
1679940398228
1679940398294
1679940398361
1679940398427
1679940398494
1679940398560
1679940398627
1679940398694
1679940398760
1679940398827
1679940398893
1679940398960
1679940399027
1679940399093
1679940399160
1679940399227
1679940399293
1679940399361
1679940399427
1679940399493
1679940399560
1679940399627
1679940399693
1679940399727
1679940399795
1679940399860
1679940399927
1679940399994
1679940400062
1679940400128
1679940400195
1679940400261
1679940400328
1679940400395
1679940400460
1679940400493
1679940400560
1679940400627
1679940400693
1679940400760
1679940400825
1679940400859
1679940400891
1679940400925
1679940400958
1679940400992
1679940401025
1679940401058
1679940401093
1679940401126
1679940401160
1679940401227
1679940401293
1679940401360
1679940401427
1679940401494
1679940401560
1679940401627
1679940401693
1679940401761
1679940401827
1679940401894
1679940401960
1679940402027
1679940402094
1679940402160
1679940402227
1679940402294
1679940402360
1679940402427
1679940402493
1679940402560
1679940402626
1679940402660
1679940402694
1679940402760
1679940402827
1679940402894
1679940402960
1679940403027
1679940403093
1679940403160
1679940403227
1679940403294
1679940403360
1679940403427
1679940403494
1679940403560
1679940403624
1679940403659
1679940403693
1679940403760
1679940403827
1679940403895
1679940403961
1679940404028
1679940404095
1679940404161
1679940404227
1679940404292
1679940404324
1679940404359
1679940404391
1679940404424
1679940404458
1679940404491
1679940404524
1679940404557
1679940404591
1679940404624
1679940404657
1679940404693
1679940404760
1679940404827
1679940404894
1679940404960
1679940405027
1679940405094
1679940405160
1679940405227
1679940405293
1679940405360
1679940405427
1679940405493
1679940405560
1679940405628
1679940405694
1679940405761
1679940405827
1679940405894
1679940405961
1679940406028
1679940406094
1679940406161
1679940406228
1679940406294
1679940406360
1679940406427
1679940406495
1679940406560
1679940406628
1679940406695
1679940406761
1679940406827
1679940406894
1679940406961
1679940407027
1679940407093
1679940407127
1679940407160
1679940407227
1679940407294
1679940407360
1679940407427
1679940407493
1679940407560
1679940407627
1679940407694
1679940407760
1679940407827
1679940407893
1679940407960
1679940408027
1679940408093
1679940408160
1679940408225
1679940408260
1679940408327
1679940408393
1679940408460
1679940408493
1679940408560
1679940408627
1679940408693
1679940408760
1679940408795
1679940408861
1679940408928
1679940408994
1679940409060
1679940409127
1679940409160
1679940409227
1679940409293
1679940409360
1679940409394
1679940409461
1679940409527
1679940409594
1679940409660
1679940409727
1679940409794
1679940409827
1679940409894
1679940409960
1679940410027
1679940410093
1679940410125
1679940410160
1679940410228
1679940410295
1679940410362
1679940410427
1679940410494
1679940410560
1679940410627
1679940410693
1679940410760
1679940410827
1679940410894
1679940410960
1679940411027
1679940411093
1679940411126
1679940411160
1679940411227
1679940411293
1679940411360
1679940411427
1679940411494
1679940411558
1679940411593
1679940411660
1679940411727
1679940411794
1679940411859
1679940411893
1679940411960
1679940412027
1679940412091
1679940412127
1679940412194
1679940412261
1679940412327
1679940412394
1679940412460
1679940412527
1679940412594
1679940412661
1679940412728
1679940412795
1679940412861
1679940412928
1679940412995
1679940413061
1679940413127
1679940413193
1679940413260
1679940413327
1679940413395
1679940413461
1679940413527
1679940413593
1679940413661
1679940413728
1679940413795
1679940413860
1679940413928
1679940413994
1679940414061
1679940414127
1679940414194
1679940414260
1679940414327
1679940414393
1679940414460
1679940414494
1679940414561
1679940414627
1679940414694
1679940414760
1679940414827
1679940414894
1679940414960
1679940415027
1679940415093
1679940415126
1679940415159
1679940415193
1679940415227
1679940415293
1679940415361
1679940415427
1679940415495
1679940415561
1679940415628
1679940415694
1679940415761
1679940415827
1679940415894
1679940415960
1679940416027
1679940416094
1679940416160
1679940416227
1679940416293
1679940416360
1679940416427
1679940416494
1679940416560
1679940416627
1679940416694
